#log10(S_mid/mJy) N_total[deg^-2 dex^-1] N_bulge[deg^-2 dex^-1] N_disk[deg^-2 dex^-1]
-1.875 146500.345962 153567.31286 45049.1518723
-1.625 153430.02361 161841.372218 44116.9715862
-1.375 147915.355818 148741.946101 43593.8042626
-1.125 129155.260001 113888.754779 43005.7554411
-0.875 104008.822736 72694.2312324 41478.0371549
-0.625 75268.0246398 36428.3657891 37320.6161477
-0.375 47372.0948715 13030.8741807 29367.219689
-0.125 26241.0066712 3508.12405178 19440.6841925
0.125 12730.4913832 841.049587988 10606.4935941
0.375 5089.74959392 208.658897121 4509.41240191
0.625 1565.53493068 49.4211637993 1428.95010889
0.875 385.321947012 11.7528198983 354.623729738
1.125 91.4272992717 3.44798817205 82.3068144295
1.375 19.0195476587 1.00102882414 16.350137461
1.625 6.78475091919 0.185375708175 6.11739836976
1.875 2.55818477281 0.222450849809 2.18743335646
2.125 0.370751416349 0.0370751416349 0.333676274714
2.375 0.14830056654 0.0741502832698 0.0741502832698
2.625 0.0370751416349 0.0 0.0370751416349
2.875 0.0 0.0 0.0