#S_mid/mJy N_total[deg^-2 mJy^-1] N_bulge[deg^-2 mJy^-1] N_disk[deg^-2 mJy^-1]
1.0 351726.580848 346317.887714 266859.153224
3.0 558.750190794 20.6971978177 499.429964179
5.0 94.6296646304 2.80844197884 87.0524325588
7.0 27.6487868742 0.875900221125 25.206461919
9.0 10.988145102 0.319773096601 10.204932735
11.0 5.44077703492 0.185375708175 4.94489701556
13.0 2.97991450891 0.1065910322 2.71111973205
15.0 2.02522961181 0.0741502832698 1.78887558388
17.0 1.10761985634 0.0741502832698 0.94541611169
19.0 0.727599654585 0.0278063562262 0.621008622385
21.0 0.454170485028 0.0417095343393 0.389288987167
23.0 0.389288987167 0.0231719635218 0.338310667419
25.0 0.259525991444 0.00926878540873 0.199278886288
27.0 0.199278886288 0.00463439270436 0.185375708175
29.0 0.139031781131 0.00463439270436 0.111225424905
31.0 0.0973222467917 0.00926878540873 0.115859817609
33.0 0.143666173835 0.0 0.125128603018
35.0 0.0926878540873 0.0 0.101956639496
37.0 0.101956639496 0.0 0.0880534613829
39.0 0.0926878540873 0.0 0.0880534613829
41.0 0.0880534613829 0.0 0.0556127124524
43.0 0.0834190686786 0.00926878540873 0.0787846759742
45.0 0.0370751416349 0.0 0.0556127124524
47.0 0.0602471051567 0.00463439270436 0.0231719635218
49.0 0.0278063562262 0.0 0.050978319748