#Band 0: S450_JCMT
#Band 1: S500_Herschel
#Band 2: S850_JCMT
#Band 3: Band9_ALMA
#Band 4: Band8_ALMA
#Band 5: Band7_ALMA
#Band 6: Band6_ALMA
#Band 7: Band5_ALMA
#Band 8: Band4_ALMA
#Cumulative number counts at band 0
#log10(S_low/mJy) N_total[deg^-2] N_bulge[deg^-2] N_disk[deg^-2]
-2.0 305904.639358 265607.538152 104265.781274
-1.75 264804.203252 224109.916054 90290.3159032
-1.5 220666.043222 179457.52381 77469.4075183
-1.25 174008.775619 133579.158588 65245.7982028
-1.0 131391.196911 93527.3928633 53256.1515686
-0.75 96496.0179915 62459.1564072 41467.3687829
-0.5 68021.271112 39051.9233054 30294.4133686
-0.25 44291.1135265 21735.450084 20647.4800528
0.0 25267.0983132 10057.7166164 13077.0234633
0.25 12462.7810542 3773.84159188 7535.51326851
0.5 5490.94897034 1229.56926597 3816.70972439
0.75 2177.96992656 382.11494726 1643.07758941
1.0 781.145427891 121.328401 612.583296448
1.25 257.876147642 40.0874968928 203.181044945
1.5 83.270768112 12.5499354434 65.039067213
1.75 28.1585700717 4.49536092323 21.8465272084
2.0 9.4541611169 1.54788716326 7.28526533126
2.25 3.1884621806 0.491245626663 2.51184084577
2.5 1.065910322 0.120494210313 0.843459472194
2.75 0.315138703897 0.0648814978611 0.222450849809
#S_low/mJy N_total[deg^-2] N_bulge[deg^-2] N_disk[deg^-2]
0.0 714297.622087 704780.720562 581813.051443
2.0 10590.7181213 3020.84546527 6607.10537805
4.0 3785.58514299 757.167080039 2735.10734869
6.0 1912.52118124 328.967731727 1451.60302043
8.0 1138.08635398 181.30671138 885.873434225
10.0 746.30406354 115.65590433 585.240379493
12.0 520.192043494 79.9061990087 410.319861259
14.0 377.378597916 57.6703828131 297.611430689
16.0 281.520819219 43.062777009 222.089367179
18.0 216.908116135 33.3490899006 170.832983868
20.0 170.165631319 25.8784488612 133.303671748
22.0 134.879365268 20.5025533241 105.237789531
24.0 107.508641956 16.099880255 83.928851876
26.0 86.6909499278 12.8650741473 67.8845843335
28.0 70.322274896 10.3346957307 54.787790551
30.0 57.2069435427 8.33263808245 44.3882133224
32.0 46.3439270436 6.57156885479 36.1668006649
34.0 36.9546474246 5.25540132675 28.8815353336
36.0 29.7342635912 4.20802857556 23.1626947364
38.0 23.3202640884 3.30895639092 18.1297442595
40.0 17.7867991994 2.70648533935 13.7456087611
42.0 13.0319122847 2.03913278992 10.0380945977
44.0 9.0277969881 1.3810490259 6.95158905655
46.0 5.6261527431 0.861997043012 4.18949100475
48.0 2.55818477281 0.398557772575 1.82595072552
#Differential number counts at band 0
#log10(S_mid/mJy) N_total[deg^-2 dex^-1] N_bulge[deg^-2 dex^-1] N_disk[deg^-2 dex^-1]
-1.875 164401.744425 165990.488394 55901.861482
-1.625 176552.640119 178609.568976 51283.6335394
-1.375 186629.070413 183513.460885 48894.4372621
-1.125 170470.314833 160207.0629 47958.586537
-0.875 139580.715678 124272.945824 47155.1311426
-0.625 113898.987518 93628.9324074 44691.8216573
-0.375 94920.630342 69265.8928854 38587.7332633
-0.125 76096.0608531 46710.9338707 30281.826358
0.125 51217.2690358 25135.5000979 22166.040779
0.375 27887.3283355 10177.0893036 14875.2141765
0.625 13251.9161751 3389.81727482 8694.52853995
0.875 5587.29799466 1043.14618504 4121.97717183
1.125 2093.077121 324.96361643 1637.60900601
1.375 698.421518119 110.150245797 552.567910927
1.625 220.448792161 32.2182980807 172.770160019
1.875 74.8176358193 11.7898950399 58.2450475085
2.125 25.0627957452 4.22656614638 19.093697942
2.375 8.4902074344 1.4830056654 6.67352549428
2.625 3.00308647243 0.222450849809 2.48403448954
2.875 1.26055481559 0.259525991444 0.889803399238
#S_mid/mJy N_total[deg^-2 mJy^-1] N_bulge[deg^-2 mJy^-1] N_disk[deg^-2 mJy^-1]
1.0 351853.451983 350879.937548 287602.973033
3.0 3402.56648915 1131.83919262 1935.99901468
5.0 936.531980876 214.099674156 641.75216413
7.0 387.217413628 73.8305101732 282.864793104
9.0 195.891145221 32.825403525 150.316527366
11.0 113.056010023 17.8748526607 87.4602591168
13.0 71.4067227888 11.1179080978 56.3542152851
15.0 47.9288893485 7.30380290208 37.7610317552
17.0 32.3063515421 4.85684355417 25.6281916551
19.0 23.3712424081 3.73532051972 18.76465606
21.0 17.6431330255 2.68794776853 14.0329411088
23.0 13.685361656 2.20133653457 10.6544688273
25.0 10.408846014 1.61740305382 8.02213377125
27.0 8.18433751591 1.26518920829 6.54839689127
29.0 6.55766567668 1.00102882414 5.1997886143
31.0 5.43150824952 0.880534613829 4.11070632877
33.0 4.69463980952 0.65808376402 3.64263266563
35.0 3.6101919167 0.523686375593 2.85942029859
37.0 3.20699975142 0.449536092323 2.51647523847
39.0 2.76673244451 0.301235525784 2.19206774916
41.0 2.37744345734 0.333676274714 1.85375708175
43.0 2.00205764829 0.32904188201 1.54325277055
45.0 1.7008221225 0.259525991444 1.3810490259
47.0 1.53398398514 0.231719635218 1.18177013961
49.0 1.2790923864 0.199278886288 0.91297536276
#Cumulative number counts at band 1
#log10(S_low/mJy) N_total[deg^-2] N_bulge[deg^-2] N_disk[deg^-2]
-2.0 293781.410989 254512.486879 101989.200739
-1.75 254501.837045 214781.439667 88508.4197147
-1.5 212247.650337 171625.344527 75967.9384324
-1.25 167224.645709 126705.557092 63886.0859209
-1.0 125505.054737 87159.10701 51988.5524761
-0.75 91118.5374922 56539.5353805 40294.9693853
-0.5 62943.2558004 33769.2902871 29206.8048199
-0.25 39482.9867084 17397.5472873 19634.4018076
0.0 21437.8942661 7210.89259714 12162.9821902
0.25 10150.8030282 2416.67822597 6758.4461062
0.5 4320.15307265 733.578021174 3242.99971395
0.75 1622.8160245 218.696991719 1297.61141965
1.0 548.313538424 68.7743877328 448.201387224
1.25 169.711460834 21.0494116632 137.650732105
1.5 52.0256924992 6.99793298359 42.1266296827
1.75 17.4067789976 2.40061542086 13.7085336195
2.0 5.85787237832 0.806384330559 4.53243606487
2.25 1.84448829634 0.185375708175 1.50154323621
2.5 0.639546193202 0.0926878540873 0.50978319748
2.75 0.157569351948 0.0278063562262 0.101956639496
#S_low/mJy N_total[deg^-2] N_bulge[deg^-2] N_disk[deg^-2]
0.0 714080.426639 704392.098927 578384.397957
2.0 8570.31754668 1895.18855252 5875.30696367
4.0 2922.18851338 443.882133224 2262.19537957
6.0 1420.53405174 188.10999987 1141.79386815
8.0 823.855991055 104.412867629 669.827315133
10.0 526.504086357 65.7991076166 430.859489725
12.0 357.617547425 44.7589647388 292.328223006
14.0 254.919405096 32.0051160163 208.955498254
16.0 188.601245497 23.6354027923 153.277904304
18.0 143.471529342 17.5921547058 116.842308862
20.0 110.187320939 13.5880394092 89.9257560355
22.0 87.1080452712 10.6869095763 71.0267025871
24.0 69.4695466384 8.59216407389 56.307871358
26.0 55.7980881605 6.87743877328 45.1853288676
28.0 44.833115022 5.67249667014 36.4170578709
30.0 35.7775116777 4.671467846 29.1874052521
32.0 29.0669110418 3.89288987167 23.6168652214
34.0 23.1905010926 3.26261246387 18.8619783068
36.0 18.7785592381 2.70648533935 15.3120334952
38.0 14.7466375853 2.07620793156 12.1050337438
40.0 11.474756336 1.60349987571 9.37074204822
42.0 8.75900221125 1.30689874263 7.02573933982
44.0 6.2656989363 0.926878540873 5.05148804776
46.0 3.9299650133 0.667352549428 2.98454890161
48.0 1.8074131547 0.36148263094 1.32543631345
#Differential number counts at band 1
#log10(S_mid/mJy) N_total[deg^-2 dex^-1] N_bulge[deg^-2 dex^-1] N_disk[deg^-2 dex^-1]
-1.875 157118.295775 158924.188849 53923.1240978
-1.625 169016.74683 172624.380562 50161.9251292
-1.375 180092.018515 179679.149738 48327.410046
-1.125 166878.363886 158185.800328 47590.1337794
-0.875 137546.06898 122478.286518 46774.3323629
-0.625 112701.126767 91080.9803737 44352.6582616
-0.375 93841.0763678 65486.9719991 38289.6120495
-0.125 72180.3697693 40746.6187607 29885.6784696
0.125 45148.3649513 19176.8574847 21618.1443359
0.375 23322.5998223 6732.4008192 14061.785569
0.625 10789.3481926 2059.52411782 7781.55317719
0.875 4298.00994431 599.690415945 3397.64012971
1.125 1514.40831036 190.899904278 1242.20262048
1.375 470.743073339 56.2059147185 382.096409689
1.625 138.475654006 18.3892702509 113.672384253
1.875 46.1956264771 6.37692436121 36.7043902186
2.125 16.0535363279 2.48403448954 12.1235713146
2.375 4.81976841254 0.370751416349 3.96704015494
2.625 1.92790736502 0.259525991444 1.63130623194
2.875 0.630277407794 0.111225424905 0.407826557984
#S_mid/mJy N_total[deg^-2 mJy^-1] N_bulge[deg^-2 mJy^-1] N_disk[deg^-2 mJy^-1]
1.0 352755.054546 351248.455187 286254.545497
3.0 2824.06451665 725.653209649 1806.55579205
5.0 750.827230819 127.886066677 560.200755711
7.0 298.339030343 41.8485661204 235.983276506
9.0 148.675952349 19.3068800064 119.483912704
11.0 84.4432694662 10.5200714389 69.2656333594
13.0 51.3490711644 6.37692436121 41.6863623758
15.0 33.1590797997 4.18485661204 27.8387969751
17.0 22.5648580776 3.02162404325 18.2177977209
19.0 16.6421042014 2.00205764829 13.4582764135
21.0 11.5396378339 1.45056491647 9.4495267242
23.0 8.81924931641 1.04737275119 7.35941561453
25.0 6.83572923894 0.857362650307 5.56127124524
27.0 5.48248656926 0.602471051567 4.38413549833
29.0 4.52780167216 0.500514412071 3.6148263094
31.0 3.35530031796 0.389288987167 2.78527001532
33.0 2.93820497457 0.315138703897 2.37744345734
35.0 2.20597092728 0.278063562262 1.77497240577
37.0 2.0159608264 0.315138703897 1.60349987571
39.0 1.63594062464 0.236354027923 1.36714584779
41.0 1.35787706238 0.14830056654 1.1725013542
43.0 1.24665163747 0.190010100879 0.98712564603
45.0 1.1678669615 0.129762995722 1.03346957307
47.0 1.0612759293 0.152934959244 0.829556294081
49.0 0.903706577351 0.18074131547 0.662718156724
#Cumulative number counts at band 2
#log10(S_low/mJy) N_total[deg^-2] N_bulge[deg^-2] N_disk[deg^-2]
-2.0 225619.143113 189418.529919 84008.3409797
-1.75 189376.662815 151691.570219 72522.7216272
-1.5 150765.998577 110957.028686 61311.1339153
-1.25 112440.831467 71854.6739189 50262.7509769
-1.0 78330.468414 40476.3873221 39330.3205439
-0.75 50157.5131874 19023.5332364 28714.5859708
-0.5 28725.7455884 6942.13489543 18954.2954094
-0.25 14613.7417401 1961.22864856 11004.2820574
0.0 6581.71817481 487.510306143 5466.646215
0.25 2535.02207807 119.780513837 2229.1428908
0.5 794.881767867 29.5118127414 717.589366344
0.75 204.460137331 7.27599654585 186.840176269
1.0 49.4397013702 1.98352007747 44.5087075327
1.25 12.4201724477 0.639546193202 10.7332535033
1.5 3.54994481154 0.176106922766 3.16992460979
1.75 1.23274845936 0.111225424905 1.02883518037
2.0 0.259525991444 0.0370751416349 0.203913278992
2.25 0.0648814978611 0.0185375708175 0.0370751416349
2.5 0.0370751416349 0.00926878540873 0.0278063562262
2.75 0.00926878540873 0.0 0.00926878540873
#S_low/mJy N_total[deg^-2] N_bulge[deg^-2] N_disk[deg^-2]
0.0 706968.228069 695210.75524 543347.64761
2.0 2035.2677064 90.2408947394 1802.85291228
4.0 463.17047566 16.5911258816 420.839932698
6.0 172.529171598 6.07105444272 157.430320167
8.0 84.4108287173 3.17919339519 76.3655229825
10.0 47.9196205631 1.86302586715 43.1832712193
12.0 30.5406479218 1.269823601 27.2224227454
14.0 20.205952191 0.954684897099 17.8053367702
16.0 14.5056491647 0.639546193202 12.6796984391
18.0 10.5293402243 0.50978319748 9.11121605678
20.0 7.70236067465 0.426364128802 6.63645035265
22.0 6.0525168719 0.305869918488 5.28320768298
24.0 4.64366148977 0.222450849809 4.00411529657
26.0 3.68897659267 0.14830056654 3.22553732224
28.0 3.00308647243 0.120494210313 2.66941019771
30.0 2.48403448954 0.0741502832698 2.15962700023
32.0 1.92790736502 0.0278063562262 1.76106922766
34.0 1.57569351948 0.0278063562262 1.46446809458
36.0 1.29762995722 0.0278063562262 1.24201724477
38.0 1.13079181986 0.0185375708175 1.01956639496
40.0 0.963953682508 0.00926878540873 0.843459472194
42.0 0.722965261881 0.00926878540873 0.667352549428
44.0 0.574664695341 0.0 0.500514412071
46.0 0.36148263094 0.0 0.296601133079
48.0 0.166838137357 0.0 0.101956639496
#Differential number counts at band 2
#log10(S_mid/mJy) N_total[deg^-2 dex^-1] N_bulge[deg^-2 dex^-1] N_disk[deg^-2 dex^-1]
-1.875 144969.921191 150907.8388 45942.47741
-1.625 154442.656954 162938.166133 44846.3508476
-1.375 153300.668441 156409.419067 44193.5317537
-1.125 136441.45221 125513.146387 43729.7217318
-0.875 112691.820907 85811.4163428 42462.9382924
-0.625 85727.0703956 48325.593364 39041.1622455
-0.375 56448.0153934 19923.6249875 31800.053408
-0.125 32128.0942611 5894.87336967 22150.5433698
0.125 16186.784387 1470.91916922 12950.0132968
0.375 6960.56124082 361.074804382 6046.21409782
0.625 2361.68652214 88.9432647822 2122.9967603
0.875 620.081743844 21.1699058735 569.325874946
1.125 148.07811569 5.37589553706 135.101816118
1.375 35.4809105446 1.85375708175 30.2533155741
1.625 9.26878540873 0.259525991444 8.56435771767
1.875 3.89288987167 0.296601133079 3.29968760551
2.125 0.778577974333 0.0741502832698 0.667352549428
2.375 0.111225424905 0.0370751416349 0.0370751416349
2.625 0.111225424905 0.0370751416349 0.0741502832698
2.875 0.0370751416349 0.0 0.0370751416349
#S_mid/mJy N_total[deg^-2 mJy^-1] N_bulge[deg^-2 mJy^-1] N_disk[deg^-2 mJy^-1]
1.0 352466.480181 347560.257173 270772.397349
3.0 786.048615373 36.8248844289 691.006489792
5.0 145.320652031 5.26003571945 131.704806265
7.0 44.0591714404 1.44593052376 40.5323985924
9.0 18.2456040771 0.65808376402 16.5911258816
11.0 8.68948632068 0.296601133079 7.98042423692
13.0 5.16734786537 0.157569351948 4.70854298763
15.0 2.85015151318 0.157569351948 2.56281916551
17.0 1.98815447017 0.0648814978611 1.78424119118
19.0 1.41348977483 0.0417095343393 1.23738285207
21.0 0.824921901377 0.0602471051567 0.676621334837
23.0 0.704427691063 0.0417095343393 0.639546193202
25.0 0.47734244855 0.0370751416349 0.389288987167
27.0 0.342945060123 0.0139031781131 0.278063562262
29.0 0.259525991444 0.0231719635218 0.25489159874
31.0 0.278063562262 0.0231719635218 0.199278886288
33.0 0.176106922766 0.0 0.14830056654
35.0 0.139031781131 0.0 0.111225424905
37.0 0.0834190686786 0.00463439270436 0.111225424905
39.0 0.0834190686786 0.00463439270436 0.0880534613829
41.0 0.120494210313 0.0 0.0880534613829
43.0 0.0741502832698 0.00463439270436 0.0834190686786
45.0 0.1065910322 0.0 0.101956639496
47.0 0.0973222467917 0.0 0.0973222467917
49.0 0.0834190686786 0.0 0.050978319748
#Cumulative number counts at band 3
#log10(S_low/mJy) N_total[deg^-2] N_bulge[deg^-2] N_disk[deg^-2]
-2.0 306147.9079 265820.23824 104259.645338
-1.75 264905.696452 224188.39486 90277.9791498
-1.5 220647.904209 179423.803968 77456.4682939
-1.25 173946.405962 133516.770394 65229.1051203
-1.0 131355.400862 93500.8007179 53237.5398475
-0.75 96493.1817432 62480.0853247 41446.6530475
-0.5 68049.3369942 39107.4247924 30274.2908355
-0.25 44336.8364449 21814.2254912 20628.9424819
0.0 25321.570965 10136.084197 13064.8164729
0.25 12507.280493 3826.2936485 7529.21976322
0.5 5516.63277471 1254.35399815 3816.40385447
0.75 2190.37156143 392.060354004 1646.01579438
1.0 788.968282776 124.72077646 616.318616968
1.25 261.055341037 41.1997511418 204.821619962
1.5 84.7074298504 13.0782562117 65.9288706123
1.75 28.68689084 4.69927420223 22.1894722685
2.0 9.6673431813 1.63130623194 7.38722197076
2.25 3.29968760551 0.50978319748 2.58599112904
2.5 1.11225424905 0.120494210313 0.889803399238
2.75 0.324407489306 0.0648814978611 0.231719635218
#S_low/mJy N_total[deg^-2] N_bulge[deg^-2] N_disk[deg^-2]
0.0 714304.990772 704794.595934 581987.888542
2.0 10630.1753408 3067.31915531 6603.40713267
4.0 3804.46565887 773.98065677 2735.97861452
6.0 1924.30180749 337.865765719 1454.70806354
8.0 1146.53021749 186.107942222 888.737488916
10.0 753.441028305 118.853635296 588.549335883
12.0 525.252800327 82.3902334982 412.590713684
14.0 381.30856293 59.3665705429 299.289080848
16.0 285.042957675 44.2584503267 223.748479767
18.0 219.466300908 34.4520753642 172.251108036
20.0 172.510634027 26.6014141231 134.582764135
22.0 136.28822065 21.1606370881 106.044173861
24.0 108.945303694 16.7023513065 84.6054732109
26.0 87.9515047434 13.4212012718 68.5333993121
28.0 71.2862285785 10.6683720054 55.4551431004
30.0 58.0504030149 8.69412071339 44.9072653053
32.0 47.1317738034 6.82182606082 36.6117023645
34.0 37.5107745491 5.43150824952 29.2337491791
36.0 30.0957462221 4.42121063996 23.3388016592
38.0 23.5705212944 3.41091303041 18.3614638947
40.0 18.0926691178 2.69721655394 13.9958659672
42.0 13.2543631345 2.08547671696 10.1771263788
44.0 9.17609755464 1.39031781131 7.1184271939
46.0 5.737378168 0.880534613829 4.28217885883
48.0 2.68794776853 0.454170485028 1.94644493583
#Differential number counts at band 3
#log10(S_mid/mJy) N_total[deg^-2 dex^-1] N_bulge[deg^-2 dex^-1] N_disk[deg^-2 dex^-1]
-1.875 164968.845791 166527.37352 55926.6647517
-1.625 177031.168972 179058.363566 51286.0434236
-1.375 186805.992989 183628.134298 48909.4526945
-1.125 170364.020402 160063.878703 47966.2610913
-0.875 139448.876474 124082.861573 47163.5471998
-0.625 113775.378996 93490.6421291 44689.4488482
-0.375 94850.0021972 69172.7972048 38581.3934141
-0.125 76061.0619194 46712.5651769 30256.5040363
0.125 51257.1618882 25239.162194 22142.3868386
0.375 27962.590873 10287.7586014 14851.263635
0.625 13305.0448531 3449.17457658 8681.55224037
0.875 5605.61311463 1069.35831018 4118.78870965
1.125 2111.65176696 334.084101272 1645.98798802
1.375 705.391644746 112.48597972 555.570997399
1.625 224.082156041 33.515928038 174.957593375
1.875 76.0781906348 12.2718718812 59.209001191
2.125 25.4706223032 4.48609213782 19.2049233669
2.375 8.74973342584 1.55715594867 6.78475091919
2.625 3.15138703897 0.222450849809 2.63233505608
2.875 1.29762995722 0.259525991444 0.926878540873
#S_mid/mJy N_total[deg^-2 mJy^-1] N_bulge[deg^-2 mJy^-1] N_disk[deg^-2 mJy^-1]
1.0 351837.407715 350863.638389 287692.240705
3.0 3412.85484096 1146.66924927 1933.71425907
5.0 940.081925688 218.057445526 640.635275488
7.0 388.885795001 75.8789117486 282.985287314
9.0 196.544594592 33.6271534629 150.094076516
11.0 114.094113989 18.231700899 87.9793110997
13.0 71.9721186988 11.5118314776 56.6508164182
15.0 48.1328026275 7.55406010811 37.7703005406
17.0 32.7883283834 4.90318748122 25.7486858654
19.0 23.4778334403 3.9253306206 18.8341719505
21.0 18.1112066887 2.72038851746 14.2692951367
23.0 13.6714584779 2.2291428908 10.7193503252
25.0 10.4968994754 1.64057501734 8.03603694937
27.0 8.33263808245 1.3764146332 6.53912810586
29.0 6.61791278183 0.98712564603 5.27393889757
31.0 5.45931460574 0.936147326282 4.14778147041
33.0 4.81049962713 0.695158905655 3.68897659267
35.0 3.70751416349 0.505148804776 2.94747375998
37.0 3.26261246387 0.505148804776 2.48866888224
39.0 2.73892608828 0.356848238236 2.18279896376
41.0 2.41915299168 0.305869918488 1.9093697942
43.0 2.03913278992 0.347579452827 1.52934959244
45.0 1.71935969332 0.25489159874 1.41812416754
47.0 1.52471519974 0.213182064401 1.1678669615
49.0 1.34397388427 0.227085242514 0.973222467917
#Cumulative number counts at band 4
#log10(S_low/mJy) N_total[deg^-2] N_bulge[deg^-2] N_disk[deg^-2]
-2.0 257559.071762 220521.904341 93136.8433213
-1.75 221288.136293 183384.411586 80917.5254534
-1.5 181850.807621 142282.835419 69166.3553989
-1.25 140647.191396 100066.622926 57608.0038873
-1.0 102626.661456 63621.9626119 46186.7655183
-0.75 70764.7759802 36257.4308486 35008.7215408
-0.5 44563.8568059 17441.5647492 24493.479139
-0.25 24575.7118032 6487.36193935 15511.8777774
0.0 11931.0215665 1894.91975775 8736.21953671
0.25 5167.61666014 501.153958265 4215.13773397
0.5 1925.01550397 134.740333487 1659.17746966
0.75 597.336144451 37.2419797723 527.264126761
1.0 161.823724451 9.79710617703 143.258347277
1.25 43.5910977773 3.04943039947 37.5849248324
1.5 12.3182158082 0.991760038734 10.3346957307
1.75 3.93923379871 0.278063562262 3.39237545959
2.0 1.21421088854 0.120494210313 1.01956639496
2.25 0.324407489306 0.0556127124524 0.250257206036
2.5 0.0741502832698 0.0185375708175 0.0463439270436
2.75 0.0278063562262 0.00926878540873 0.0185375708175
#S_low/mJy N_total[deg^-2] N_bulge[deg^-2] N_disk[deg^-2]
0.0 711508.468451 700885.114936 562650.097137
2.0 4282.8369426 382.930600376 3547.72030305
4.0 1215.62901271 78.1358609956 1060.15440626
6.0 515.251780871 32.0514599434 454.976869358
8.0 266.190248153 15.738397624 235.983276506
10.0 156.762967618 9.42635476068 138.920555706
12.0 100.557052899 6.25643015089 88.5447070096
14.0 69.1266015783 4.63439270436 61.0256831311
16.0 50.1533978466 3.47579452827 43.7857422708
18.0 37.167829489 2.60452869985 32.2090292953
20.0 28.1493012863 1.90010100879 24.2564114146
22.0 21.679689071 1.57569351948 18.4726893196
24.0 16.961877298 1.2790923864 14.4871115938
26.0 13.6529209071 1.07517910741 11.5581754047
28.0 10.9000916407 0.908340970055 9.12048484219
30.0 8.69412071339 0.713696476472 7.23892140422
32.0 7.04427691063 0.611739836976 5.82079723668
34.0 5.66322788473 0.491245626663 4.49536092323
36.0 4.50462970864 0.380020201758 3.67043902186
38.0 3.45725695746 0.352213845532 2.8640546913
40.0 2.74356048098 0.268794776853 2.24304606891
42.0 2.07620793156 0.203913278992 1.70545651521
44.0 1.41812416754 0.139031781131 1.20494210313
46.0 0.899072184647 0.111225424905 0.750771618107
48.0 0.36148263094 0.0648814978611 0.315138703897
#Differential number counts at band 4
#log10(S_mid/mJy) N_total[deg^-2 dex^-1] N_bulge[deg^-2 dex^-1] N_disk[deg^-2 dex^-1]
-1.875 145083.741876 148549.971017 48877.2714716
-1.625 157749.314686 164406.304667 47004.6802179
-1.375 164814.464901 168864.849975 46233.4060464
-1.125 152082.119761 145778.641255 45684.9534762
-0.875 127447.541902 109458.127053 44712.17591
-0.625 104803.676697 75263.4643974 42060.9696068
-0.375 79952.5800108 43816.8112395 35926.4054465
-0.125 50578.7609466 18369.7687264 27102.6329628
0.125 27053.6196256 5575.06319793 18084.327211
0.375 12970.4046247 1465.65449911 10223.8410572
0.625 5310.71743807 389.993414858 4527.6533716
0.875 1742.04968 109.779494381 1536.02311793
1.125 472.930506695 26.9907031102 422.69368978
1.375 125.091527876 8.23068144295 109.000916407
1.625 33.515928038 2.85478590589 27.7692810846
1.875 10.9000916407 0.630277407794 9.49123625854
2.125 3.55921359695 0.259525991444 3.0772367557
2.375 1.00102882414 0.14830056654 0.815653115968
2.625 0.185375708175 0.0370751416349 0.111225424905
2.875 0.111225424905 0.0370751416349 0.0741502832698
#S_mid/mJy N_total[deg^-2 mJy^-1] N_bulge[deg^-2 mJy^-1] N_disk[deg^-2 mJy^-1]
1.0 353612.815754 350251.092168 279551.188417
3.0 1533.60396494 152.39736969 1243.78294839
5.0 350.18861592 23.0422005261 302.588768453
7.0 124.530766359 8.15653115968 109.496796426
9.0 54.7136402677 3.15602143167 48.5313604001
11.0 28.1029573593 1.58496230489 25.1879243482
13.0 15.7152256605 0.811018723264 13.7595119393
15.0 9.48660186583 0.579299088046 8.61997043012
17.0 6.49278417881 0.43563291421 5.78835648775
19.0 4.50926410135 0.352213845532 3.97630894034
21.0 3.23480610765 0.162203744653 2.89186104752
23.0 2.35890588652 0.14830056654 1.99278886288
25.0 1.65447819546 0.101956639496 1.46446809458
27.0 1.3764146332 0.0834190686786 1.21884528125
29.0 1.10298546364 0.0973222467917 0.940781718986
31.0 0.824921901377 0.050978319748 0.709062083768
33.0 0.69052451295 0.0602471051567 0.662718156724
35.0 0.579299088046 0.0556127124524 0.412460950688
37.0 0.523686375593 0.0139031781131 0.40319216528
39.0 0.356848238236 0.0417095343393 0.310504311192
41.0 0.333676274714 0.0324407489306 0.268794776853
43.0 0.32904188201 0.0324407489306 0.250257206036
45.0 0.259525991444 0.0139031781131 0.227085242514
47.0 0.268794776853 0.0231719635218 0.217816457105
49.0 0.18074131547 0.0324407489306 0.157569351948
#Cumulative number counts at band 5
#log10(S_low/mJy) N_total[deg^-2] N_bulge[deg^-2] N_disk[deg^-2]
-2.0 212445.594519 176204.207937 80094.7817166
-1.75 175820.508028 137812.379723 68832.4937485
-1.5 137463.002125 97352.036668 57803.2508519
-1.25 100484.163171 60166.5501427 46904.7997863
-1.0 68195.3481707 31694.3614479 36153.360926
-0.75 42193.1424868 13520.8036398 25783.8516373
-0.5 23376.1363268 4413.71219257 16453.6976004
-0.25 11533.1126089 1155.99364739 9111.89267812
0.0 4972.86094113 278.962634447 4251.72162998
0.25 1790.23809534 68.7002374495 1600.09823147
0.5 517.800696859 16.5355131692 472.745130987
0.75 126.41696419 4.18022221934 115.507603764
1.0 30.0864774367 1.24201724477 26.8516713291
1.25 7.22965261881 0.380020201758 6.27496772171
1.5 2.47476570413 0.129762995722 2.18743335646
1.75 0.778577974333 0.0834190686786 0.65808376402
2.0 0.139031781131 0.0278063562262 0.111225424905
2.25 0.0463439270436 0.0185375708175 0.0278063562262
2.5 0.00926878540873 0.0 0.00926878540873
2.75 0.0 0.0 0.0
#S_low/mJy N_total[deg^-2] N_bulge[deg^-2] N_disk[deg^-2]
0.0 704866.289989 692686.327384 534988.13005
2.0 1413.1282922 50.5519556192 1269.823601
4.0 295.627910611 9.15755998382 270.963672639
6.0 106.368581351 3.54067602613 96.8588075212
8.0 51.0710076021 1.78887558388 46.4458836831
10.0 29.094717398 1.14932939068 26.0360182131
12.0 18.2131633282 0.778577974333 16.146224182
14.0 12.2533343103 0.565395909932 10.7239847179
16.0 8.20287508672 0.417095343393 7.14623355013
18.0 5.98763537404 0.268794776853 5.25540132675
20.0 4.53243606487 0.213182064401 4.01338408198
22.0 3.62409509481 0.129762995722 3.23480610765
24.0 2.84551712048 0.0834190686786 2.55818477281
26.0 2.32646513759 0.0648814978611 2.15962700023
28.0 1.92790736502 0.0556127124524 1.78887558388
30.0 1.64984380275 0.0463439270436 1.56642473408
32.0 1.45519930917 0.0278063562262 1.33470509886
34.0 1.1678669615 0.0278063562262 1.08444789282
36.0 0.982491253325 0.0278063562262 0.880534613829
38.0 0.778577974333 0.0278063562262 0.704427691063
40.0 0.593202266159 0.0278063562262 0.528320768298
42.0 0.417095343393 0.0278063562262 0.417095343393
44.0 0.250257206036 0.00926878540873 0.259525991444
46.0 0.176106922766 0.00926878540873 0.14830056654
48.0 0.0556127124524 0.0 0.101956639496
#Differential number counts at band 5
#log10(S_mid/mJy) N_total[deg^-2 dex^-1] N_bulge[deg^-2 dex^-1] N_disk[deg^-2 dex^-1]
-1.875 146500.345962 153567.31286 45049.1518723
-1.625 153430.02361 161841.372218 44116.9715862
-1.375 147915.355818 148741.946101 43593.8042626
-1.125 129155.260001 113888.754779 43005.7554411
-0.875 104008.822736 72694.2312324 41478.0371549
-0.625 75268.0246398 36428.3657891 37320.6161477
-0.375 47372.0948715 13030.8741807 29367.219689
-0.125 26241.0066712 3508.12405178 19440.6841925
0.125 12730.4913832 841.049587988 10606.4935941
0.375 5089.74959392 208.658897121 4509.41240191
0.625 1565.53493068 49.4211637993 1428.95010889
0.875 385.321947012 11.7528198983 354.623729738
1.125 91.4272992717 3.44798817205 82.3068144295
1.375 19.0195476587 1.00102882414 16.350137461
1.625 6.78475091919 0.185375708175 6.11739836976
1.875 2.55818477281 0.222450849809 2.18743335646
2.125 0.370751416349 0.0370751416349 0.333676274714
2.375 0.14830056654 0.0741502832698 0.0741502832698
2.625 0.0370751416349 0.0 0.0370751416349
2.875 0.0 0.0 0.0
#S_mid/mJy N_total[deg^-2 mJy^-1] N_bulge[deg^-2 mJy^-1] N_disk[deg^-2 mJy^-1]
1.0 351726.580848 346317.887714 266859.153224
3.0 558.750190794 20.6971978177 499.429964179
5.0 94.6296646304 2.80844197884 87.0524325588
7.0 27.6487868742 0.875900221125 25.206461919
9.0 10.988145102 0.319773096601 10.204932735
11.0 5.44077703492 0.185375708175 4.94489701556
13.0 2.97991450891 0.1065910322 2.71111973205
15.0 2.02522961181 0.0741502832698 1.78887558388
17.0 1.10761985634 0.0741502832698 0.94541611169
19.0 0.727599654585 0.0278063562262 0.621008622385
21.0 0.454170485028 0.0417095343393 0.389288987167
23.0 0.389288987167 0.0231719635218 0.338310667419
25.0 0.259525991444 0.00926878540873 0.199278886288
27.0 0.199278886288 0.00463439270436 0.185375708175
29.0 0.139031781131 0.00463439270436 0.111225424905
31.0 0.0973222467917 0.00926878540873 0.115859817609
33.0 0.143666173835 0.0 0.125128603018
35.0 0.0926878540873 0.0 0.101956639496
37.0 0.101956639496 0.0 0.0880534613829
39.0 0.0926878540873 0.0 0.0880534613829
41.0 0.0880534613829 0.0 0.0556127124524
43.0 0.0834190686786 0.00926878540873 0.0787846759742
45.0 0.0370751416349 0.0 0.0556127124524
47.0 0.0602471051567 0.00463439270436 0.0231719635218
49.0 0.0278063562262 0.0 0.050978319748
#Cumulative number counts at band 6
#log10(S_low/mJy) N_total[deg^-2] N_bulge[deg^-2] N_disk[deg^-2]
-2.0 161352.249144 123750.705379 65589.1788958
-1.75 124624.269866 84889.8302784 55024.3670298
-1.5 89650.2228516 49799.6917266 44580.1235243
-1.25 59387.7126424 23797.560193 34257.9869978
-1.0 36163.167301 8933.17195786 24312.3485346
-0.75 20131.2272431 2612.26813567 15336.9479904
-0.5 9904.04942307 626.264023712 8252.08306846
-0.25 4141.91432924 134.656914418 3654.45036703
0.0 1410.82036463 27.6487868742 1286.86889736
0.25 382.967675518 4.95880019367 356.959463661
0.5 84.7166986358 0.824921901377 79.5539851631
0.75 17.7589928431 0.296601133079 16.2296432507
1.0 3.70751416349 0.0463439270436 3.43871938664
1.25 1.37178024049 0.00926878540873 1.25128603018
1.5 0.36148263094 0.00926878540873 0.342945060123
1.75 0.0370751416349 0.00926878540873 0.0278063562262
2.0 0.0185375708175 0.00926878540873 0.00926878540873
2.25 0.00926878540873 0.0 0.00926878540873
2.5 0.0 0.0 0.0
2.75 0.0 0.0 0.0
#S_low/mJy N_total[deg^-2] N_bulge[deg^-2] N_disk[deg^-2]
0.0 694497.790998 680685.836271 501979.91827
2.0 284.913194679 3.5036008845 265.986334874
4.0 44.8794589491 0.528320768298 41.8300285496
6.0 14.6817560874 0.250257206036 13.2729007053
8.0 6.31204286334 0.101956639496 5.70957181178
10.0 3.64263266563 0.0370751416349 3.39237545959
12.0 2.53964720199 0.00926878540873 2.40061542086
14.0 1.84448829634 0.00926878540873 1.74253165684
16.0 1.53861837785 0.0 1.43666173835
18.0 1.269823601 0.0 1.15859817609
20.0 0.963953682508 0.0 0.908340970055
22.0 0.713696476472 0.0 0.65808376402
24.0 0.593202266159 0.0 0.556127124524
26.0 0.481976841254 0.0 0.491245626663
28.0 0.417095343393 0.0 0.417095343393
30.0 0.324407489306 0.0 0.324407489306
32.0 0.287332347671 0.0 0.287332347671
34.0 0.278063562262 0.0 0.250257206036
36.0 0.213182064401 0.0 0.176106922766
38.0 0.139031781131 0.0 0.129762995722
40.0 0.111225424905 0.0 0.0926878540873
42.0 0.0556127124524 0.0 0.0556127124524
44.0 0.0278063562262 0.0 0.0278063562262
46.0 0.0185375708175 0.0 0.00926878540873
48.0 0.0 0.0 0.00926878540873
#Differential number counts at band 6
#log10(S_mid/mJy) N_total[deg^-2 dex^-1] N_bulge[deg^-2 dex^-1] N_disk[deg^-2 dex^-1]
-1.875 146911.91711 155443.500402 42259.2474643
-1.625 139896.188058 140360.554207 41776.9740219
-1.375 121050.040837 104008.526135 41288.546106
-1.125 92898.1813658 59457.5529405 39782.5538528
-0.875 64127.7602317 25283.6152888 35901.6021767
-0.625 40908.71128 7944.01644783 28339.4596878
-0.375 23048.5403753 1966.42843717 18390.5308057
-0.125 10924.3758584 428.032510175 9470.32587866
0.125 4111.41075646 90.7599467223 3719.63773481
0.375 1193.00390753 16.5355131692 1109.62191399
0.625 267.830823171 2.11328307319 253.29736765
0.875 56.2059147185 1.00102882414 51.1636954562
1.125 9.342935692 0.14830056654 8.74973342584
1.375 4.04119043821 0.0 3.63336388022
1.625 1.29762995722 0.0 1.26055481559
1.875 0.0741502832698 0.0 0.0741502832698
2.125 0.0370751416349 0.0370751416349 0.0
2.375 0.0370751416349 0.0 0.0370751416349
2.625 0.0 0.0 0.0
2.875 0.0 0.0 0.0
#S_mid/mJy N_total[deg^-2 mJy^-1] N_bulge[deg^-2 mJy^-1] N_disk[deg^-2 mJy^-1]
1.0 347106.438902 340341.166335 250856.965968
3.0 120.016867865 1.4876400581 112.078153162
5.0 15.0988514308 0.139031781131 14.2785639221
7.0 4.18485661204 0.0741502832698 3.78166444676
9.0 1.33470509886 0.0324407489306 1.15859817609
11.0 0.551492731819 0.0139031781131 0.495880019367
13.0 0.347579452827 0.0 0.32904188201
15.0 0.152934959244 0.00463439270436 0.152934959244
17.0 0.134397388427 0.0 0.139031781131
19.0 0.152934959244 0.0 0.125128603018
21.0 0.125128603018 0.0 0.125128603018
23.0 0.0602471051567 0.0 0.050978319748
25.0 0.0556127124524 0.0 0.0324407489306
27.0 0.0324407489306 0.0 0.0370751416349
29.0 0.0463439270436 0.0 0.0463439270436
31.0 0.0185375708175 0.0 0.0185375708175
33.0 0.00463439270436 0.0 0.0185375708175
35.0 0.0324407489306 0.0 0.0370751416349
37.0 0.0370751416349 0.0 0.0231719635218
39.0 0.0139031781131 0.0 0.0185375708175
41.0 0.0278063562262 0.0 0.0185375708175
43.0 0.0139031781131 0.0 0.0139031781131
45.0 0.00463439270436 0.0 0.00926878540873
47.0 0.00926878540873 0.0 0.0
49.0 0.0 0.0 0.00463439270436
#Cumulative number counts at band 7
#log10(S_low/mJy) N_total[deg^-2] N_bulge[deg^-2] N_disk[deg^-2]
-2.0 110796.289409 71436.3736334 51670.2160412
-1.75 78124.5623462 39481.5129715 41573.2461186
-1.5 50838.852334 17351.9819383 31606.0762669
-1.25 30706.3459985 5885.28944556 22085.745291
-1.0 17028.8906165 1564.54317064 13629.2484291
-0.75 8280.86264715 338.959482397 7127.50133482
-0.5 3360.2313118 65.2059053504 3020.18738151
-0.25 1087.48805444 11.5025626922 1002.95673151
0.0 278.47138882 1.78887558388 261.101684964
0.25 58.4304232166 0.278063562262 54.6672963407
0.5 10.7517910741 0.0834190686786 9.91760038734
0.75 2.29865878136 0.0185375708175 2.13182064401
1.0 0.778577974333 0.0 0.704427691063
1.25 0.166838137357 0.0 0.157569351948
1.5 0.00926878540873 0.0 0.00926878540873
1.75 0.0 0.0 0.0
2.0 0.0 0.0 0.0
2.25 0.0 0.0 0.0
2.5 0.0 0.0 0.0
2.75 0.0 0.0 0.0
#S_low/mJy N_total[deg^-2] N_bulge[deg^-2] N_disk[deg^-2]
0.0 638606.468125 624353.773383 462829.504851
2.0 41.8949100475 0.194644493583 39.549907339
4.0 5.27393889757 0.0278063562262 4.89391869581
6.0 2.02986400451 0.0185375708175 1.9093697942
8.0 1.23274845936 0.00926878540873 1.12152303446
10.0 0.778577974333 0.0 0.704427691063
12.0 0.491245626663 0.0 0.463439270436
14.0 0.333676274714 0.0 0.315138703897
16.0 0.240988420627 0.0 0.222450849809
18.0 0.166838137357 0.0 0.157569351948
20.0 0.101956639496 0.0 0.0741502832698
22.0 0.0278063562262 0.0 0.0185375708175
24.0 0.0185375708175 0.0 0.0185375708175
26.0 0.0185375708175 0.0 0.0185375708175
28.0 0.0185375708175 0.0 0.0185375708175
30.0 0.00926878540873 0.0 0.00926878540873
32.0 0.00926878540873 0.0 0.00926878540873
34.0 0.00926878540873 0.0 0.00926878540873
36.0 0.00926878540873 0.0 0.00926878540873
38.0 0.00926878540873 0.0 0.00926878540873
40.0 0.00926878540873 0.0 0.00926878540873
42.0 0.00926878540873 0.0 0.00926878540873
44.0 0.0 0.0 0.0
46.0 0.0 0.0 0.0
48.0 0.0 0.0 0.0
#Differential number counts at band 7
#log10(S_mid/mJy) N_total[deg^-2 dex^-1] N_bulge[deg^-2 dex^-1] N_disk[deg^-2 dex^-1]
-1.875 130686.908252 127819.442647 40387.8796903
-1.625 109142.840049 88518.124133 39868.6794068
-1.375 80530.0253418 45866.7699708 38081.3239037
-1.125 54709.8215281 17282.9850997 33825.9874475
-0.875 34992.1118773 4902.33475296 26006.9883772
-0.625 19682.5253414 1095.01430819 16429.2558132
-0.375 9090.97302945 214.813370633 8068.9226
-0.125 3236.06666246 38.8547484334 2967.42018618
0.125 880.163862413 6.04324808649 825.737554493
0.375 190.71452857 0.778577974333 178.998783813
0.625 33.812529171 0.259525991444 31.1431189733
0.875 6.08032322813 0.0741502832698 5.70957181178
1.125 2.4469593479 0.0 2.18743335646
1.375 0.630277407794 0.0 0.593202266159
1.625 0.0370751416349 0.0 0.0370751416349
1.875 0.0 0.0 0.0
2.125 0.0 0.0 0.0
2.375 0.0 0.0 0.0
2.625 0.0 0.0 0.0
2.875 0.0 0.0 0.0
#S_mid/mJy N_total[deg^-2 mJy^-1] N_bulge[deg^-2 mJy^-1] N_disk[deg^-2 mJy^-1]
1.0 319282.286607 312176.789369 231394.977472
3.0 18.3104855749 0.0834190686786 17.3279943216
5.0 1.62203744653 0.00463439270436 1.49227445081
7.0 0.398557772575 0.00463439270436 0.393923379871
9.0 0.227085242514 0.00463439270436 0.208547671696
11.0 0.143666173835 0.0 0.120494210313
13.0 0.0787846759742 0.0 0.0741502832698
15.0 0.0463439270436 0.0 0.0463439270436
17.0 0.0370751416349 0.0 0.0324407489306
19.0 0.0324407489306 0.0 0.0417095343393
21.0 0.0370751416349 0.0 0.0278063562262
23.0 0.00463439270436 0.0 0.0
25.0 0.0 0.0 0.0
27.0 0.0 0.0 0.0
29.0 0.00463439270436 0.0 0.00463439270436
31.0 0.0 0.0 0.0
33.0 0.0 0.0 0.0
35.0 0.0 0.0 0.0
37.0 0.0 0.0 0.0
39.0 0.0 0.0 0.0
41.0 0.0 0.0 0.0
43.0 0.00463439270436 0.0 0.00463439270436
45.0 0.0 0.0 0.0
47.0 0.0 0.0 0.0
49.0 0.0 0.0 0.0
#Cumulative number counts at band 8
#log10(S_low/mJy) N_total[deg^-2] N_bulge[deg^-2] N_disk[deg^-2]
-2.0 60549.0451102 25029.4651929 35769.6517477
-1.75 38540.7868652 9717.04240867 26363.8829594
-1.5 22757.1112245 2887.77351316 17584.155744
-1.25 12147.3364804 681.33914661 10206.9533302
-1.0 5557.48958079 131.477721023 4932.05974777
-0.75 2069.39537428 24.3305616979 1892.32449783
-0.5 601.775892662 3.19773096601 562.059147185
-0.25 137.845376599 0.194644493583 129.902027503
0.0 26.351156917 0.0370751416349 24.7105818997
0.25 4.25437250261 0.0185375708175 3.99484651116
0.5 1.13079181986 0.0 1.02883518037
0.75 0.305869918488 0.0 0.268794776853
1.0 0.0278063562262 0.0 0.0185375708175
1.25 0.0 0.0 0.0
1.5 0.0 0.0 0.0
1.75 0.0 0.0 0.0
2.0 0.0 0.0 0.0
2.25 0.0 0.0 0.0
2.5 0.0 0.0 0.0
2.75 0.0 0.0 0.0
#S_low/mJy N_total[deg^-2] N_bulge[deg^-2] N_disk[deg^-2]
0.0 491867.858765 480472.091018 382341.717364
2.0 3.0772367557 0.0185375708175 2.91039861834
4.0 0.676621334837 0.0 0.602471051567
6.0 0.259525991444 0.0 0.222450849809
8.0 0.101956639496 0.0 0.0834190686786
10.0 0.0278063562262 0.0 0.0185375708175
12.0 0.0 0.0 0.0
14.0 0.0 0.0 0.0
16.0 0.0 0.0 0.0
18.0 0.0 0.0 0.0
20.0 0.0 0.0 0.0
22.0 0.0 0.0 0.0
24.0 0.0 0.0 0.0
26.0 0.0 0.0 0.0
28.0 0.0 0.0 0.0
30.0 0.0 0.0 0.0
32.0 0.0 0.0 0.0
34.0 0.0 0.0 0.0
36.0 0.0 0.0 0.0
38.0 0.0 0.0 0.0
40.0 0.0 0.0 0.0
42.0 0.0 0.0 0.0
44.0 0.0 0.0 0.0
46.0 0.0 0.0 0.0
48.0 0.0 0.0 0.0
#Differential number counts at band 8
#log10(S_mid/mJy) N_total[deg^-2 dex^-1] N_bulge[deg^-2 dex^-1] N_disk[deg^-2 dex^-1]
-1.875 88033.0329799 61249.6911368 37623.0751531
-1.625 63134.702563 27317.075582 35118.9088617
-1.375 42439.0989764 8825.73746619 29508.8096549
-1.125 26359.3875985 2199.44570235 21099.5743299
-0.875 13952.376826 428.5886373 12158.9409997
-0.625 5870.47792647 84.5313229276 5321.06140258
-0.375 1855.72206425 12.0123458897 1728.62847873
-0.125 445.976878726 0.630277407794 420.765782415
0.125 88.3871376576 0.0741502832698 82.862941554
0.375 12.494322731 0.0741502832698 11.8640453232
0.625 3.29968760551 0.0 3.04016161406
0.875 1.11225424905 0.0 1.00102882414
1.125 0.111225424905 0.0 0.0741502832698
1.375 0.0 0.0 0.0
1.625 0.0 0.0 0.0
1.875 0.0 0.0 0.0
2.125 0.0 0.0 0.0
2.375 0.0 0.0 0.0
2.625 0.0 0.0 0.0
2.875 0.0 0.0 0.0
#S_mid/mJy N_total[deg^-2 mJy^-1] N_bulge[deg^-2 mJy^-1] N_disk[deg^-2 mJy^-1]
1.0 245932.390764 240236.03624 191169.403483
3.0 1.20030771043 0.00926878540873 1.15396378339
5.0 0.208547671696 0.0 0.190010100879
7.0 0.0787846759742 0.0 0.0695158905655
9.0 0.0370751416349 0.0 0.0324407489306
11.0 0.0139031781131 0.0 0.00926878540873
13.0 0.0 0.0 0.0
15.0 0.0 0.0 0.0
17.0 0.0 0.0 0.0
19.0 0.0 0.0 0.0
21.0 0.0 0.0 0.0
23.0 0.0 0.0 0.0
25.0 0.0 0.0 0.0
27.0 0.0 0.0 0.0
29.0 0.0 0.0 0.0
31.0 0.0 0.0 0.0
33.0 0.0 0.0 0.0
35.0 0.0 0.0 0.0
37.0 0.0 0.0 0.0
39.0 0.0 0.0 0.0
41.0 0.0 0.0 0.0
43.0 0.0 0.0 0.0
45.0 0.0 0.0 0.0
47.0 0.0 0.0 0.0
49.0 0.0 0.0 0.0
